8
323
475
409
330
282
387
133
120
424
193
425
380
99
435
107
396
506
467
64
189
242
315
110
504
396
2
143
44
425
138
52
150
16
379
480
298
251
98
335
77
208
246
457
308
83
50
106
75
434
88
264
161
320
291
150
118
293
210
162
121
266
132
271
282
511
237
497
164
252
317
241
461
480
100
254
49
67
277
124
501
365
305
147
170
81
215
206
292
425
368
413
93
417
169
375
413
323
357
494
61
160
137
7
42
155
178
91
222
455
132
209
223
437
273
310
436
405
1
130
233
287
28
326
189
114
187
5
438
29
416
416
106
39
423
149
194
3
157
416
375
290
27
83
129
218
311
482
108
229
97
341
1
125
70
108
157
257
113
80
203
14
413
310
485
238
376
164
241
18
498
101
225
442
102
355
62
330
322
171
44
337
429
46
462
499
154
21
158
184
18
362
115
431
74
86
154
450
167
312
468
67
331
96
427
433
451
489
165
175
62
209
512
492
172
377
393
243
398
37
427
417
316
460
250
390
463
405
325
115
202
195
100
18
291
12
368
144
501
450
237
481
145
234
375
317
13
253
46
329
207
390
148
8
252
398
315
200
288
125
316
408
238
333
343
446
345
114
76
248
49
230
214
194
381
74
429
395
245
392
209
369
184
357
295
437
240
95
122
446
138
355
256
293
173
84
224
435
198
217
169
165
447
300
276
314
292
190
194
22
499
320
308
169
79
88
91
236
101
130
84
239
486
340
17
144
425
158
497
25
376
151
107
308
451
384
107
228
59
218
167
476
455
476
130
19
481
221
173
67
268
257
223
239
83
157
301
508
316
283
450
177
351
43
402
287
427
427
433
403
130
2
364
71
395
411
7
362
34
180
346
303
438
55
27
6
212
245
431
445
13
283
107
281
243
427
54
155
339
404
476
469
323
242
457
204
139
465
483
90
47
314
393
402
286
338
325
416
68
241
346
514
442
371
280
170
283
251
243
107
57
121
61
381
363
436
502
419
303
387
427
350
186
305
155
390
45
480
291
114
124
122
30
51
493
310
221
261
479
381
368
21
502
347
319
268
268
223
89
56
95
1
323
199
224
478
74
269
444
365
383
53
487
330
21
383
43
242
129
7
109
415
460
13
247
182
281
0
405
371